222.77982122789837
253.49497477382891
242.14733478544173
215.36289458214273
242.14733478544173
198.09999936358093
204.75618458905663
200.8786160597193
227.00943690425467
220.26753769613458
173.05195058663855
177.34905339880282
158.5755635175199
177.34905339880282
168.9523301341624
218.39135677599498
214.1805044986796
214.150944746593
189.43899200221344
220.29901941856522
172.7590449681426
159.86591678467204
193.1044012609492
177.83017585960792
194.48400702542588
177.83017585960792
163.31710181907468
177.83017585960792
185.684903487218
172.0578577753053
196.7698105196849
174.5560767268195
148.2373567747896
159.59737887262992
157.89377559191175
200.1082719974416
215.3312816086836
223.7321478698243
196.42290274337685
171.16603669256148
130.19709317989287
157.50633830634033
200.16838502361085
153.87258508987736
179.29298461679457
208.90338508931424
227.74843070641907
196.07758432792485
163.8026705718588
186.39433753729588
193.040401717285
234.01076019478322
179.97639804997283
197.4080572163532
179.825147211219
138.35070091647233
150.15774184305974
188.90631599192258
187.94974330824186
148.12224621247088
171.70844686648502
98.88599352687545
73.19330588975967
91.14259610786488
120.47685338912346
87.98134004251064
98.75526191076001
125.81826781453289
120.47609038422597
137.51782793332308
182.45798905691458
177.10263211364978
128.66455100273157
182.698913147542
194.57142849751605
215.54293485928596
184.06787267965163
188.73883635124082
201.53591284989315
198.16756116736116
201.53591284989315
175.60502802569476
136.299547060827
159.35989842992805
188.25090791429633
236.4205983213649
296.8636923753284
251.62333323706963
203.39119498707845
195.9413205108548
203.39119498707845
195.9413205108548
192.4376950674331
182.6090815022917
148.4982039947481
168.84225503825823
151.12290905413732
123.4927229442926
146.8354302526865
162.45093834716735
191.71509291287998
245.3801544368127
191.71509291287998
236.9729728675625
236.9729728675625
183.78215464872858
188.63377939432328
224.3338969898495
207.72410113307538
206.003906671328
176.58538340127356
110.93474216847173
136.78592468474423
173.5076782175054
188.17534447353964
215.41935244181326
260.4067337952232
248.2878216816346
294.69032952220954
248.2878216816346
250.74184500901129
273.30000867183645
311.87934996934865
302.7710815021551
282.12912227237706
313.77913608417737
298.2035295007818
336.67226699895417
330.70646133538867
336.67226699895417
298.2035295007818
299.8532353497974
298.2035295007818
282.3644981063342
320.63126880507156
318.2675904544462
289.1261329758352
294.9183240413088
284.53801427851533
270.24663220977936
271.8612825929324
304.7583400218933
307.2139341694558
329.0683704164878
310.52563590483044
279.23680289114685
245.9777012541672
203.55111730800198
226.07942392980013
228.22491798118753
191.4544246476119
218.03881252139658
176.06996665048348
195.80957046578038
193.6156955849593
144.7105465041523
182.17619744206354
129.5317175252832
170.02932170314736
170.04777571085148
218.75218801999276
199.77594649106797
270.7669565854777
270.0259130705398
199.66512753290365
185.13792263378724
205.80290951860223
249.3137265048355
252.01264460077664
249.3137265048355
205.80290951860223
221.54892578971993
284.8322151134931
286.3849359269863
251.9046608249998
269.07818354907124
240.9458057995217
226.90952579219945
217.68351586408073
217.33257831367848
240.187174064703
217.33257831367848
216.2561032559632
217.79974648336244
216.2561032559632
188.30309727890446
217.20688153086098
193.85344564914539
179.76998695676005
166.67697779618825
201.812597463515
207.99656187843294
221.7317767018922
197.161306235099
183.63252369853237
190.69385950094093
176.91207865791748
182.8042880036518
176.91207865791748
270.9803464132347
270.19752336664016
201.2924525889314
270.19752336664016
285.400482366574
212.93569601727984
217.27182301684977
283.1995008350195
289.04674303583187
240.13887896097674
272.8540831236882
271.301362310195
269.5198626509007
305.0792979243266
305.9930944795922
275.765434648988
226.47395853508542
195.32147172318545
185.0555047718783
221.80473334547983
181.81561162361447
200.9094892481587
222.90522417355544
243.610786540002
204.20627387397928
253.72922571541892
208.30293368145868
216.88404726386696
283.6276127858035
246.50058710849933
190.23682447200937
186.7125877798501
176.8711757612808
154.2468813833736
133.73590736137473
163.36099147002943
160.72029011470528
163.44829323768113
131.57398758636938
124.7372328626377
161.88036708935556
164.3058478781859
202.23156514680852
195.041862997306
218.88272724035704
188.98065149483253
144.87190521191246
190.32758738427106
198.92066614017313
213.2444871645362
198.92066614017313
255.4163586594565
255.4163586594565
224.46859426430476
213.92025806767396
214.12138499450649
236.79371484491213
268.35865753130787
268.35865753130787
212.8247873877447
185.67877667423116
157.72448139438194
165.58427206834463
155.29093581634376
135.99096674926372
132.0923806139428
115.48258475716867
132.0923806139428
150.6327733758641
183.81170312143288
217.71281418917016
258.47558336321737
228.93051786781825
227.92578921893855
227.92578921893855
262.6734178102306
226.44780161460966
181.85955149958897
159.01338209776264
140.59554240292573
168.0454282128953
147.36463800494448
167.6952226846856
244.5765485545104
244.5765485545104
193.1635207651223
181.07581009773273
151.35569180422246
134.11525906877276
128.73471348342923
130.2003273256108
172.25084993917733
201.91320738274953
205.7266350974899
200.6125782909401
214.3578630111991
209.74078329272257
210.98545979255164
253.06836587776743
254.7087362140346
248.22833903764442
257.13752160563575
257.13752160563575
257.13752160563575
294.3018008562895
337.54195932178874
283.4318251926583
286.31619135565455
283.4318251926583
245.5652666575665
231.2356198905929
206.12592097656736
282.5164551759062
266.6053159462363
244.33362993973296
201.66183973961583
176.10955557845404
178.0516952735562
164.31983998967078
149.12719547203295
147.3635274451051
163.12716135729622
164.50010530578456
168.637957988165
157.09306230257056
128.9218121728537
119.55109850440282
144.48897504066767
167.45175874151494
191.1976046283747
167.07497770446201
159.52046533593287
217.31383821985693
189.1735221393567
208.11117063249733
208.23899432927732
198.36133187266825
237.41877598718202
239.36541327644443
237.710067159596
199.79302341735504
237.710067159596
189.00436049977003
185.1913347832663
185.21407248871125
166.63378428559224
173.2701259457605
107.3403588778709
126.10878336738024
158.60817057591214
126.10878336738024
177.3984562818348
171.42814141371986
177.8064962122136
202.2679244077885
217.90503326158847
191.55051061619812
158.406317769131
184.18339012469937
162.51005785134052
161.75136348677094
168.01161260105633
146.05141842036787
177.77766045461178
153.26685332732583
189.1138347292611
215.24465557379642
189.1138347292611
229.78504444283098
234.33986762263854
263.42705147491927
263.42705147491927
265.34402399903774
231.17365012722664
265.34402399903774
257.7351845005379
308.9206333637683
290.7056681864445
331.00036054568506
332.5520379223031
315.54520930264755
265.1684329780749
266.244844976706
266.2804502506649
192.84956679804924
176.01886455490683
201.7358488702301
188.53396148603156
172.41385611228068
148.47841087948498
115.58135345052416
148.47841087948498
181.90484624408427
201.051588358029
177.7357306923159
215.47172431136826
191.93663822456026
200.8747966788494
227.22146471779286
251.5398668316959
258.7788220843162
230.43613404123707
313.71625266885104
288.6638001733587
265.9377494991689
265.9377494991689
288.6638001733587
303.0629337618225
285.72896278424327
266.120846314936
310.4057807588137
275.84957004336536
246.06905468102983
266.8388240940959
299.2122012240923
279.60408475478505
256.34130506319696
277.11107447626307
306.8915898385986
293.411669007318
269.87658292051
238.8999945762997
238.8999945762997
227.88510122525255
235.94543546660213
203.17558137800106
171.0301238145858
171.0301238145858
198.41922232925808
163.72472720094774
216.93047511848488
238.4324915386241
262.5789726429386
201.3973564746294
244.06771985371188
201.3973564746294
177.20390523226789
164.33921707965655
175.64749683573265
162.95385885811828
142.30961724579691
111.13675937779519
141.60106316152505
177.30118075705133
141.60106316152505
111.13675937779519
114.28247004569228
102.36848719332124
142.69657362699382
140.34599798647145
185.66912474484167
206.47854327150648
205.97617951394415
215.97276683499865
198.22765939091275
196.26729473421304
242.13134580055794
288.6879384042975
242.13134580055794
255.9188744449283
310.2529635898599
264.6426076485572
204.5343673299861
206.4352004296947
206.4352004296947
204.5343673299861
260.6880899880872
260.6880899880872
242.9687440039663
242.9973412910694
283.325427724742
279.31182603188915
223.81698367890414
223.81698367890414
198.04144166009013
173.94968190884632
191.0308881434577
207.47693940569252
162.5673178655544
142.78551412845954
160.22533420472593
180.0071379418208
160.22533420472593
161.60616033006664
146.41351581242887
146.41351581242887
127.89882211467831
154.5149390297872
183.39918126118067
177.6508268849422
100.50100658973837
103.50629986144882
86.7471943305424
94.59575304325276
91.68632776459214
104.85629551461503
116.20616341913279
90.83097619607896
84.54371373311135
92.98423563003962
88.71578745070171
108.99642911905492
145.12730093492513
167.0195233896944
181.24083951078103
201.57142419052212
166.13519389967828
184.04848919380018
212.51727739127477
212.51727739127477
229.69080011534615
221.00429881596787
221.00429881596787
221.00429881596787
238.5555894399181
238.5555894399181
257.4932379330587
286.513217854537
301.7875938113696
240.49649045678464
301.7875938113696
285.54290346240947
269.81939626975554
276.2636965714828
276.2636965714828
276.2636965714828
227.09167406734386
256.395884330352
224.7844590307988
174.36718639223554
202.197029020937
189.4422508421039
232.34862416786905
234.04857290447168
234.04857290447168
235.18987412826633
207.3600314995649
200.6221375398724
178.37346176790575
210.99694404981182
212.5093173125642
210.99694404981182
210.99694404981182
167.57382927215767
191.35151874587498
214.2292376629914
219.8897570269667
251.05666223331784
228.91136640623552
198.19109970429724
225.48185808614866
238.09838374670773
193.91281379586485
184.26981285013713
157.06788442444898
145.12730093492513
198.45070405168875
212.4660388776581
155.79148164296325
176.66771263437104
179.9022158248429
201.14269026123355
211.25033890647546
224.52564780371145
227.56034797711038
216.66352367395217
201.02641482015224
209.97112727484662
223.58001167277777
281.6949782644247
278.50872419285145
269.37810908508595
284.3958062873844
322.3205977589426
342.6537628924247
342.6537628924247
261.80126511015743
261.80126511015743
293.46254234741383
293.46254234741383
261.4445096947358
331.41448127404965
303.80800073792835
295.68285415338164
261.3715530511482
273.4918077435158
279.56667611419107
281.1722303388305
251.48896284680748
214.24156129356655
214.24156129356655
174.56545587079324
176.34636736518596
209.76688715352785
211.71570109239232
211.71570109239232
182.84935112243784
189.53607221748345
170.2596946799829
169.2981324974519
178.06650921423483
186.41648054439153
197.2858910821087
176.76503451514526
188.6702037163416
181.5923119836475
194.13070048386228
177.57131219605887
137.67592151528743
123.7945338965207
123.10880622944464
133.4758918554095
120.03418951859405
121.17827576618302
113.13627619100575
137.51036646523423
168.23023807099455
154.53474691051426
175.45732237655355
188.3971617326101
186.07838713644023
194.7189536161182
194.7189536161182
164.71200989915454
194.7189536161182
224.99937376236724
219.4802185259966
226.93601727780683
229.33030630783446
230.5303194404699
239.76182785111416
264.9241161119192
263.5116145963841
315.11027097661105
315.11027097661105
279.9642743529834
262.21916690889753
261.5174663383234
256.42537633784167
256.42537633784167
248.3515779107642
234.60629319050526
234.60629319050526
254.79560386563833
254.79560386563833
295.5088543054066
295.5088543054066
243.85051249752303
235.91915563091982
239.460241093676
248.89781914407834
231.16750260588688
254.26779792124495
268.9067988515008
263.97069094544804
316.2226972511254
316.2226972511254
311.8698681804063
291.9162475010458
284.1882259513706
286.30573769392436
253.1777094338035
198.1886786198407
168.924524054128
200.7173880666961
243.42186436907525
284.3394767901245
244.2051803961702
250.9407749004139
225.24939801984542
188.84779696048187
214.5647812758051
234.10377740503347
236.3720201252205
236.3720201252205
234.10377740503347
220.47673169312083
234.10377740503347
252.21636703691422
221.69882963739394
232.95346149120238
265.1604738822526
307.8168608759098
261.91785647189477
230.6533495855329
211.71570109239232
258.92709284098225
263.30881246657293
249.6817667546603
280.55503615084416
280.55503615084416
277.0540971868319
258.3427741160278
264.56232115607
203.00623818107806
239.4856837265034
215.95795617211488
203.17573661817957
247.3232146616898
229.60386867756887
229.63736460570522
245.07898747655537
262.79833346067636
261.1805103163393
244.96056279557772
230.29289653954345
229.03443789925117
255.42084169321188
242.25393090686768
288.68988302107425
238.5881169102681
259.81224765978413
295.04388145404425
295.04388145404425
265.99324468932224
273.5439261382728
257.6058910403827
273.5439261382728
227.06855640842772
201.5044311274625
198.82111072027755
180.36492418792994
168.4015521377522
159.9974789239813
133.43705899815274
124.80765461450859
98.28217475769836
124.80765461450859
93.98652956372983
124.80765461450859
93.98652956372983
110.89873070817455
138.9187669353149
138.9187669353149
141.28872133752088
170.53178159384748
170.53178159384748
170.53178159384748
181.11924510480173
190.88741985445583
213.55974970486147
224.83232999522315
229.66981459204675
229.66981459204675
229.66981459204675
291.097326199992
303.06069825016976
263.46763360791476
256.5987487429196
258.19805306200317
234.6629669751951
234.6629669751951
251.21941936606612
231.6872653244142
251.25335581272134
271.8348729882474
320.2993637038507
345.29356480792325
345.29356480792325
345.29356480792325
391.77097362416634
391.77097362416634
332.87300776350565
332.87300776350565
332.87300776350565
307.476269078357
288.9615372997907
323.966094670136
363.83950423798143
380.49443674002777
453.13599659524175
462.424459918869
462.424459918869
404.20576650254503
356.1849811047767
330.4936042242082
327.77075837762027
355.0800035040677
320.4448257833079
272.85661239053775
330.39311643979926
293.14564435219535
326.06170522759487
326.06170522759487
293.14564435219535
293.14564435219535
301.9223867952588
301.9223867952588
301.9223867952588
315.3199487784487
331.3665361539258
331.3665361539258
241.264329551579
241.264329551579
212.51241379855313
195.27955756603046
160.19763326992629
167.16895909327607
216.4302606011942
216.4302606011942
219.3129422155556
185.71378719279662
190.0955676925249
190.0955676925249
195.90696497241643
168.65078905546423
176.50794351752026
168.07184869112254
185.79119467524345
236.02035818064806
236.02035818064806
236.02035818064806
236.02035818064806
244.9115078358737
236.02035818064806
236.02035818064806
236.02035818064806
247.43427213418676
195.42845869834557
173.92644227820634
180.1512925441768
193.4377226990648
226.86415806366415
271.4875256335255
243.41509931230564
209.74805666379783
197.71981048342633
200.54845383942242
215.06840325422587
235.2861674884966
287.81979177851815
293.3010889862897
293.3010889862897
293.3010889862897
284.68741035297876
284.68741035297876
343.52027212237886
343.52027212237886
343.52027212237886
343.52027212237886
263.52627992745715
230.08241611840162
239.11547600272542
223.76351586921035
221.30643453634627
221.30643453634627
223.76351586921035
256.08097325580496
206.2855636299818
222.69959492501732
166.1754671100762
167.8654548530566
146.7080282126562
126.75467363702386
159.2975506888496
148.06427969963102
141.1029239255342
149.55333731257213
157.26943249688412
168.59997136057146
170.15269217406467
142.70280636409512
141.1500855506019
146.00560088049883
183.52704158489774
165.05721515885244
188.446445020188
217.0383563655582
200.62432507052267
171.01949036711997
158.9726241236439
135.43302603696608
135.43302603696608
159.00175981261253
186.29112056794577
186.29112056794577
199.91125104536562
199.91125104536562
166.8659952782145
145.8990189957512
160.13331372281127
203.0415976654557
187.59997479460554
198.85460664841386
201.4099859601706
227.8955763426158
212.31996975922033
186.09737329530682
253.14399129714437
210.64517335240365
161.47315084826468
146.0315279774145
169.68334200027127
169.68334200027127
193.2184280870793
179.37139469495744
223.86362544510303
268.4784333722519
268.4784333722519
273.0334765932747
273.0334765932747
272.30682487401185
300.1366675027133
300.1366675027133
300.1366675027133
266.176108418971
256.2440317178807
289.55880876601225
268.74939023934746
268.74939023934746
243.3026243226223
309.3629062174621
309.3629062174621
309.3629062174621
309.3629062174621
294.4699574651949
287.4299829822292
287.4299829822292
268.7808719617782
268.7808719617782
268.7808719617782
285.2421485148141
276.4308415383484
259.9847902761136
266.53082544400996
259.9847902761136
230.96539490172825
261.70371360547796
261.70371360547796
229.2115325246635
258.33853319962736
271.60902566423186
271.60902566423186
261.70371360547796
268.59426076631934
286.9791777349793
249.8521520576751
249.8521520576751
251.39623237568185
251.39623237568185
251.39623237568185
251.39623237568185
251.39623237568185
249.8521520576751
249.8521520576751
354.36789802489045
335.53270810065226
342.6224666900319
318.6055595726489
318.6055595726489
318.6055595726489
321.4337449945045
321.4337449945045
321.4337449945045
288.5366875655437
286.41917582298987
304.0020858281241
297.16511292972626
299.4119018181439
299.4119018181439
334.8790692710213
307.7189762650065
307.7189762650065
341.65955716642435
303.1675140720463
322.45458147148787
322.45458147148787
310.27925853214606
295.4458908605453
334.1797076902155
353.0148976144537
353.0148976144537
353.0148976144537
416.9486496675563
467.800704759011
467.800704759011
467.800704759011
467.800704759011
467.800704759011
458.3314283643928
458.3314283643928
458.3314283643928
491.23150316679425
491.23150316679425
491.23150316679425
447.61475722489797
501.4624168551242
467.9210684494619
467.9210684494619
467.9210684494619
467.9210684494619
446.72797867417944
446.72797867417944
476.4939877037884
448.2317916234237
448.2317916234237
427.02886911312396
448.2317916234237
448.2317916234237
448.2317916234237
448.2317916234237
448.2317916234237
448.2317916234237
448.2317916234237
448.2317916234237
448.2317916234237
445.4817940856192
439.67408819032113
439.67408819032113
439.67408819032113
439.67408819032113
439.67408819032113
439.67408819032113
439.67408819032113
439.67408819032113
439.67408819032113
439.71190090000965
439.71190090000965
408.1004756004565
408.1004756004565
467.9210684494619
467.9210684494619
467.9210684494619
501.4624168551242
517.7516362961517
494.4001545378691
494.4001545378691
494.4001545378691
494.4001545378691
494.4001545378691
494.4001545378691
494.4001545378691
494.4001545378691
494.4001545378691
494.4001545378691
494.4001545378691
494.4001545378691
494.4001545378691
433.619246870537
433.619246870537
433.619246870537
594.4604904632154
594.4604904632154
594.4604904632154
594.4604904632154
594.4604904632154
594.4604904632154
594.4604904632154
594.4604904632154
681.7220708446866
681.7220708446866
681.7220708446866
681.7220708446866
681.7220708446866
681.7220708446866
728.2479564032699
728.2479564032699
728.2479564032699
728.2479564032699
728.2479564032699
728.2479564032699
728.2479564032699
728.2479564032699
728.2479564032699
728.2479564032699
728.2479564032699
728.2479564032699
728.2479564032699
728.2479564032699
728.2479564032699
728.2479564032699
728.2479564032699
728.2479564032699
728.2479564032699
728.2479564032699
728.2479564032699
728.2479564032699
728.2479564032699
728.2479564032699
728.2479564032699
728.2479564032699
728.2479564032699
728.2479564032699
728.2479564032699
728.2479564032699
728.2479564032699
728.2479564032699
728.2479564032699
728.2479564032699
728.2479564032699
728.2479564032699
728.2479564032699
728.2479564032699
728.2479564032699
728.2479564032699
728.2479564032699
728.2479564032699
728.2479564032699
728.2479564032699
728.2479564032699
728.2479564032699
668.983651226158
668.983651226158
668.983651226158
668.983651226158
668.983651226158
668.983651226158
668.983651226158
668.983651226158
668.983651226158
668.983651226158
668.983651226158
668.983651226158
668.983651226158
668.983651226158
668.983651226158
668.983651226158
668.983651226158
668.983651226158
668.983651226158
668.983651226158
668.983651226158
668.983651226158
668.983651226158
668.983651226158
668.983651226158
668.983651226158
668.983651226158
729.2016348773843
729.2016348773843
729.2016348773843
729.2016348773843
729.2016348773843
729.2016348773843
729.2016348773843
729.2016348773843
729.2016348773843
729.2016348773843
729.2016348773843
686.08174386921
686.08174386921
686.08174386921
686.08174386921
686.08174386921
686.08174386921
686.08174386921
686.08174386921
686.08174386921
686.08174386921
686.08174386921
686.08174386921
686.08174386921
686.08174386921
686.08174386921
686.08174386921
686.08174386921
686.08174386921
729.2016348773843
729.2016348773843
729.2016348773843
729.2016348773843
729.2016348773843
729.2016348773843
729.2016348773843
729.2016348773843
729.2016348773843
729.2016348773843
729.2016348773843
729.2016348773843
729.2016348773843
729.2016348773843
729.2016348773843
729.2016348773843
729.2016348773843
661.7629427792916
661.7629427792916
661.7629427792916
661.7629427792916
661.7629427792916
661.7629427792916
661.7629427792916
661.7629427792916
661.7629427792916
625.7275204359673
625.7275204359673
625.7275204359673
625.7275204359673
625.7275204359673
625.7275204359673
625.7275204359673
684.9918256130791
684.9918256130791
684.9918256130791
684.9918256130791
684.9918256130791
684.9918256130791
684.9918256130791
684.9918256130791
721.0272479564034
721.0272479564034
721.0272479564034
721.0272479564034
721.0272479564034
721.0272479564034
721.0272479564034
721.0272479564034
721.0272479564034
721.0272479564034
668.7792915531336
668.7792915531336
668.7792915531336
668.7792915531336
668.7792915531336
632.7438692098093
632.7438692098093
632.7438692098093
632.7438692098093
632.7438692098093
632.7438692098093
632.7438692098093
632.7438692098093
632.7438692098093
632.7438692098093
684.9918256130791
684.9918256130791
684.9918256130791
684.9918256130791
684.9918256130791
684.9918256130791
684.9918256130791
684.9918256130791
684.9918256130791
684.9918256130791
684.9918256130791
684.9918256130791
684.9918256130791
684.9918256130791
684.9918256130791
684.9918256130791
684.9918256130791
684.9918256130791
684.9918256130791
684.9918256130791
684.9918256130791
684.9918256130791
684.9918256130791
684.9918256130791
684.9918256130791
684.9918256130791
684.9918256130791
684.9918256130791
684.9918256130791
684.9918256130791
721.0272479564034
721.0272479564034
721.0272479564034
721.0272479564034
721.0272479564034
721.0272479564034
721.0272479564034
721.0272479564034
721.0272479564034
721.0272479564034
721.0272479564034
721.0272479564034
721.0272479564034
721.0272479564034
721.0272479564034
721.0272479564034
721.0272479564034
721.0272479564034
721.0272479564034
721.0272479564034
721.0272479564034
721.0272479564034
721.0272479564034
721.0272479564034
721.0272479564034
721.0272479564034
721.0272479564034
721.0272479564034
721.0272479564034
721.0272479564034
721.0272479564034
721.0272479564034
721.0272479564034
721.0272479564034
721.0272479564034
721.0272479564034
721.0272479564034
721.0272479564034
721.0272479564034
721.0272479564034
721.0272479564034
721.0272479564034
721.0272479564034
721.0272479564034
721.0272479564034
721.0272479564034
721.0272479564034
721.0272479564034
721.0272479564034
721.0272479564034
721.0272479564034
721.0272479564034
721.0272479564034
721.0272479564034
721.0272479564034
721.0272479564034
721.0272479564034
721.0272479564034
721.0272479564034
721.0272479564034
721.0272479564034
721.0272479564034
721.0272479564034
721.0272479564034
721.0272479564034
721.0272479564034
721.0272479564034
721.0272479564034
721.0272479564034
721.0272479564034
721.0272479564034
721.0272479564034
721.0272479564034
721.0272479564034
721.0272479564034
721.0272479564034
721.0272479564034
721.0272479564034
721.0272479564034
721.0272479564034
721.0272479564034
721.0272479564034
721.0272479564034
721.0272479564034
721.0272479564034
721.0272479564034
721.0272479564034
721.0272479564034
721.0272479564034
721.0272479564034
721.0272479564034
721.0272479564034
721.0272479564034
721.0272479564034
721.0272479564034
721.0272479564034
721.0272479564034
721.0272479564034
721.0272479564034
721.0272479564034
721.0272479564034
721.0272479564034
721.0272479564034
721.0272479564034
721.0272479564034
721.0272479564034
721.0272479564034
721.0272479564034
721.0272479564034
721.0272479564034
721.0272479564034
721.0272479564034
721.0272479564034
721.0272479564034
721.0272479564034
721.0272479564034
721.0272479564034
721.0272479564034
721.0272479564034
721.0272479564034
721.0272479564034
721.0272479564034
721.0272479564034
721.0272479564034
721.0272479564034
721.0272479564034
721.0272479564034
721.0272479564034
721.0272479564034
721.0272479564034
721.0272479564034
721.0272479564034
721.0272479564034
721.0272479564034
721.0272479564034
721.0272479564034
721.0272479564034
721.0272479564034
721.0272479564034
721.0272479564034
721.0272479564034
721.0272479564034
721.0272479564034
721.0272479564034
721.0272479564034
721.0272479564034
721.0272479564034
721.0272479564034
721.0272479564034
721.0272479564034
721.0272479564034
721.0272479564034
721.0272479564034
721.0272479564034
721.0272479564034
721.0272479564034
721.0272479564034
721.0272479564034
721.0272479564034
721.0272479564034
721.0272479564034
721.0272479564034
721.0272479564034
721.0272479564034
721.0272479564034
721.0272479564034
721.0272479564034
721.0272479564034
721.0272479564034
721.0272479564034
721.0272479564034
721.0272479564034
721.0272479564034
721.0272479564034
721.0272479564034
721.0272479564034
721.0272479564034
721.0272479564034
721.0272479564034
721.0272479564034
721.0272479564034
721.0272479564034
721.0272479564034
721.0272479564034
721.0272479564034
721.0272479564034
721.0272479564034
721.0272479564034
721.0272479564034
721.0272479564034
721.0272479564034
721.0272479564034
721.0272479564034
721.0272479564034
721.0272479564034
721.0272479564034
721.0272479564034
721.0272479564034
721.0272479564034
721.0272479564034
721.0272479564034
721.0272479564034
721.0272479564034
721.0272479564034
721.0272479564034
721.0272479564034
721.0272479564034
721.0272479564034
721.0272479564034
721.0272479564034
721.0272479564034
721.0272479564034
721.0272479564034
721.0272479564034
721.0272479564034
721.0272479564034
721.0272479564034
721.0272479564034
721.0272479564034
721.0272479564034
721.0272479564034
721.0272479564034
721.0272479564034
721.0272479564034
721.0272479564034
721.0272479564034
721.0272479564034
721.0272479564034
721.0272479564034
721.0272479564034
721.0272479564034
721.0272479564034
721.0272479564034
721.0272479564034
721.0272479564034
721.0272479564034
721.0272479564034
721.0272479564034
721.0272479564034
721.0272479564034
721.0272479564034
721.0272479564034
721.0272479564034
721.0272479564034
721.0272479564034
721.0272479564034
721.0272479564034
721.0272479564034
721.0272479564034
721.0272479564034
721.0272479564034
721.0272479564034
721.0272479564034
721.0272479564034
721.0272479564034
721.0272479564034
721.0272479564034
721.0272479564034
721.0272479564034
721.0272479564034
721.0272479564034
721.0272479564034
721.0272479564034
721.0272479564034
721.0272479564034
721.0272479564034
721.0272479564034
721.0272479564034
721.0272479564034
721.0272479564034
721.0272479564034
721.0272479564034
721.0272479564034
721.0272479564034
721.0272479564034
721.0272479564034
721.0272479564034
721.0272479564034
721.0272479564034
721.0272479564034
721.0272479564034
721.0272479564034
721.0272479564034
721.0272479564034
721.0272479564034
721.0272479564034
721.0272479564034
721.0272479564034
721.0272479564034
721.0272479564034
721.0272479564034
721.0272479564034
721.0272479564034
721.0272479564034
721.0272479564034
721.0272479564034
721.0272479564034
721.0272479564034
721.0272479564034
721.0272479564034
721.0272479564034
721.0272479564034
721.0272479564034
721.0272479564034
721.0272479564034
721.0272479564034
721.0272479564034
721.0272479564034
721.0272479564034
721.0272479564034
721.0272479564034
721.0272479564034
721.0272479564034
721.0272479564034
721.0272479564034
721.0272479564034
721.0272479564034
721.0272479564034
721.0272479564034
721.0272479564034
721.0272479564034
721.0272479564034
721.0272479564034
721.0272479564034
721.0272479564034
721.0272479564034
721.0272479564034
721.0272479564034
721.0272479564034
721.0272479564034
721.0272479564034
721.0272479564034
721.0272479564034
721.0272479564034
721.0272479564034
721.0272479564034
721.0272479564034
721.0272479564034
721.0272479564034
721.0272479564034
721.0272479564034
721.0272479564034
721.0272479564034
721.0272479564034
721.0272479564034
721.0272479564034
721.0272479564034
721.0272479564034
721.0272479564034
721.0272479564034
721.0272479564034
721.0272479564034
721.0272479564034
721.0272479564034
721.0272479564034
721.0272479564034
721.0272479564034
721.0272479564034
721.0272479564034
721.0272479564034
721.0272479564034
721.0272479564034
721.0272479564034
721.0272479564034
721.0272479564034
721.0272479564034
721.0272479564034
721.0272479564034
721.0272479564034
721.0272479564034
721.0272479564034
721.0272479564034
721.0272479564034
721.0272479564034
721.0272479564034
721.0272479564034
721.0272479564034
721.0272479564034
721.0272479564034
721.0272479564034
721.0272479564034
721.0272479564034
721.0272479564034
721.0272479564034
721.0272479564034
721.0272479564034
721.0272479564034
721.0272479564034
721.0272479564034
721.0272479564034
721.0272479564034
721.0272479564034
721.0272479564034
721.0272479564034
721.0272479564034
721.0272479564034
721.0272479564034
721.0272479564034
721.0272479564034
721.0272479564034
721.0272479564034
721.0272479564034
721.0272479564034
721.0272479564034
721.0272479564034
721.0272479564034
721.0272479564034
721.0272479564034
721.0272479564034
721.0272479564034
721.0272479564034
721.0272479564034
721.0272479564034
721.0272479564034
721.0272479564034
721.0272479564034
721.0272479564034
721.0272479564034
721.0272479564034
721.0272479564034
721.0272479564034
721.0272479564034
721.0272479564034
721.0272479564034
721.0272479564034
721.0272479564034
721.0272479564034
721.0272479564034
721.0272479564034
721.0272479564034
721.0272479564034
721.0272479564034
721.0272479564034
721.0272479564034
721.0272479564034
721.0272479564034
721.0272479564034
721.0272479564034
721.0272479564034
721.0272479564034
721.0272479564034
721.0272479564034
721.0272479564034
721.0272479564034
721.0272479564034
721.0272479564034
721.0272479564034
721.0272479564034
721.0272479564034
721.0272479564034
721.0272479564034
721.0272479564034
721.0272479564034
721.0272479564034
721.0272479564034
721.0272479564034
721.0272479564034
721.0272479564034
721.0272479564034
721.0272479564034
721.0272479564034
721.0272479564034
721.0272479564034
721.0272479564034
721.0272479564034
721.0272479564034
721.0272479564034
721.0272479564034
721.0272479564034
721.0272479564034
721.0272479564034
721.0272479564034
721.0272479564034
721.0272479564034
721.0272479564034
721.0272479564034
721.0272479564034
721.0272479564034
721.0272479564034
721.0272479564034
721.0272479564034
721.0272479564034
721.0272479564034
721.0272479564034
721.0272479564034
721.0272479564034
721.0272479564034
721.0272479564034
721.0272479564034
721.0272479564034
721.0272479564034
721.0272479564034
721.0272479564034
721.0272479564034
721.0272479564034
721.0272479564034
721.0272479564034
721.0272479564034
721.0272479564034
721.0272479564034
721.0272479564034
721.0272479564034
721.0272479564034
721.0272479564034
721.0272479564034
721.0272479564034
721.0272479564034
721.0272479564034
721.0272479564034
721.0272479564034
721.0272479564034
721.0272479564034
721.0272479564034
721.0272479564034
721.0272479564034
721.0272479564034
721.0272479564034
721.0272479564034
721.0272479564034
721.0272479564034
721.0272479564034
721.0272479564034
721.0272479564034
721.0272479564034
721.0272479564034
721.0272479564034
721.0272479564034
721.0272479564034
721.0272479564034
721.0272479564034
721.0272479564034
721.0272479564034
721.0272479564034
721.0272479564034
721.0272479564034
721.0272479564034
721.0272479564034
721.0272479564034
721.0272479564034
721.0272479564034
721.0272479564034
721.0272479564034
721.0272479564034
721.0272479564034
721.0272479564034
721.0272479564034
721.0272479564034
721.0272479564034
721.0272479564034
721.0272479564034
721.0272479564034
721.0272479564034
721.0272479564034
721.0272479564034
721.0272479564034
721.0272479564034
721.0272479564034
721.0272479564034
721.0272479564034
721.0272479564034
721.0272479564034
721.0272479564034
721.0272479564034
721.0272479564034
721.0272479564034
721.0272479564034
721.0272479564034
721.0272479564034
721.0272479564034
721.0272479564034
721.0272479564034
721.0272479564034
721.0272479564034
721.0272479564034
721.0272479564034
721.0272479564034
721.0272479564034
721.0272479564034
721.0272479564034
721.0272479564034
721.0272479564034
721.0272479564034
721.0272479564034
721.0272479564034
721.0272479564034
721.0272479564034
721.0272479564034
721.0272479564034
721.0272479564034
721.0272479564034
721.0272479564034
721.0272479564034
721.0272479564034
721.0272479564034
721.0272479564034
721.0272479564034
721.0272479564034
721.0272479564034
721.0272479564034
721.0272479564034
721.0272479564034
721.0272479564034
721.0272479564034
721.0272479564034
721.0272479564034
721.0272479564034
721.0272479564034
721.0272479564034
721.0272479564034
721.0272479564034
721.0272479564034
721.0272479564034
721.0272479564034
721.0272479564034
721.0272479564034
721.0272479564034
721.0272479564034
721.0272479564034
721.0272479564034
721.0272479564034
721.0272479564034
721.0272479564034
721.0272479564034
721.0272479564034
721.0272479564034
721.0272479564034
721.0272479564034
721.0272479564034
721.0272479564034
721.0272479564034
721.0272479564034
721.0272479564034
721.0272479564034
721.0272479564034
721.0272479564034
721.0272479564034
721.0272479564034
721.0272479564034
721.0272479564034
721.0272479564034
721.0272479564034
721.0272479564034
721.0272479564034
721.0272479564034
721.0272479564034
721.0272479564034
721.0272479564034
721.0272479564034
721.0272479564034
721.0272479564034
721.0272479564034
721.0272479564034
721.0272479564034
721.0272479564034
721.0272479564034
721.0272479564034
721.0272479564034
721.0272479564034
721.0272479564034
721.0272479564034
721.0272479564034
721.0272479564034
721.0272479564034
721.0272479564034
721.0272479564034
721.0272479564034
721.0272479564034
721.0272479564034
721.0272479564034
721.0272479564034
721.0272479564034
721.0272479564034
721.0272479564034
721.0272479564034
721.0272479564034
721.0272479564034
721.0272479564034
721.0272479564034
721.0272479564034
721.0272479564034
721.0272479564034
721.0272479564034
721.0272479564034
721.0272479564034
721.0272479564034
721.0272479564034
721.0272479564034
721.0272479564034
721.0272479564034
721.0272479564034
721.0272479564034
721.0272479564034
721.0272479564034
721.0272479564034
721.0272479564034
721.0272479564034
721.0272479564034
721.0272479564034
721.0272479564034
721.0272479564034
721.0272479564034
721.0272479564034
721.0272479564034
721.0272479564034
721.0272479564034
721.0272479564034
721.0272479564034
721.0272479564034
721.0272479564034
721.0272479564034
721.0272479564034
721.0272479564034
721.0272479564034
721.0272479564034
721.0272479564034
721.0272479564034
721.0272479564034
721.0272479564034
721.0272479564034
721.0272479564034
721.0272479564034
721.0272479564034
721.0272479564034
721.0272479564034
721.0272479564034
721.0272479564034
721.0272479564034
721.0272479564034
721.0272479564034
721.0272479564034
721.0272479564034
721.0272479564034
721.0272479564034
721.0272479564034
721.0272479564034
721.0272479564034
721.0272479564034
721.0272479564034
721.0272479564034
721.0272479564034
721.0272479564034
721.0272479564034
721.0272479564034
721.0272479564034
721.0272479564034
721.0272479564034
721.0272479564034
721.0272479564034
721.0272479564034
721.0272479564034
721.0272479564034
721.0272479564034
721.0272479564034
721.0272479564034
721.0272479564034
721.0272479564034
721.0272479564034
721.0272479564034
721.0272479564034
721.0272479564034
721.0272479564034
721.0272479564034
721.0272479564034
721.0272479564034
721.0272479564034
721.0272479564034
721.0272479564034
721.0272479564034
721.0272479564034
721.0272479564034
721.0272479564034
721.0272479564034
721.0272479564034
721.0272479564034
721.0272479564034
721.0272479564034
721.0272479564034
721.0272479564034
721.0272479564034
721.0272479564034
721.0272479564034
721.0272479564034
721.0272479564034
721.0272479564034
721.0272479564034
721.0272479564034
721.0272479564034
721.0272479564034
721.0272479564034
721.0272479564034
721.0272479564034
721.0272479564034
721.0272479564034
721.0272479564034
721.0272479564034
721.0272479564034
721.0272479564034
721.0272479564034
721.0272479564034
721.0272479564034
721.0272479564034
721.0272479564034
721.0272479564034
721.0272479564034
721.0272479564034
721.0272479564034
721.0272479564034
721.0272479564034
721.0272479564034
721.0272479564034
721.0272479564034
721.0272479564034
721.0272479564034
721.0272479564034
721.0272479564034
721.0272479564034
721.0272479564034
721.0272479564034
721.0272479564034
721.0272479564034
721.0272479564034
721.0272479564034
721.0272479564034
721.0272479564034
721.0272479564034
721.0272479564034
721.0272479564034
721.0272479564034
721.0272479564034
721.0272479564034
721.0272479564034
721.0272479564034
721.0272479564034
721.0272479564034
721.0272479564034
721.0272479564034
721.0272479564034
721.0272479564034
721.0272479564034
721.0272479564034
721.0272479564034
721.0272479564034
721.0272479564034
721.0272479564034
721.0272479564034
721.0272479564034
721.0272479564034
721.0272479564034
721.0272479564034
721.0272479564034
721.0272479564034
721.0272479564034
721.0272479564034
721.0272479564034
721.0272479564034
721.0272479564034
721.0272479564034
721.0272479564034
721.0272479564034
721.0272479564034
721.0272479564034
721.0272479564034
721.0272479564034
721.0272479564034
721.0272479564034
721.0272479564034
721.0272479564034
721.0272479564034
721.0272479564034
721.0272479564034
721.0272479564034
721.0272479564034
721.0272479564034
721.0272479564034
721.0272479564034
721.0272479564034
721.0272479564034
721.0272479564034
721.0272479564034
721.0272479564034
721.0272479564034
721.0272479564034
721.0272479564034
721.0272479564034
721.0272479564034
721.0272479564034
721.0272479564034
721.0272479564034
721.0272479564034
721.0272479564034
721.0272479564034
721.0272479564034
721.0272479564034
721.0272479564034
721.0272479564034
721.0272479564034
721.0272479564034
721.0272479564034
721.0272479564034
721.0272479564034
721.0272479564034
721.0272479564034
721.0272479564034
721.0272479564034
721.0272479564034
721.0272479564034
721.0272479564034
721.0272479564034
721.0272479564034
721.0272479564034
721.0272479564034
721.0272479564034
721.0272479564034
721.0272479564034
721.0272479564034
721.0272479564034
721.0272479564034
721.0272479564034
721.0272479564034
721.0272479564034
721.0272479564034
721.0272479564034
721.0272479564034
721.0272479564034
721.0272479564034
721.0272479564034
721.0272479564034
721.0272479564034
721.0272479564034
721.0272479564034
721.0272479564034
721.0272479564034
721.0272479564034
721.0272479564034
721.0272479564034
721.0272479564034
721.0272479564034
721.0272479564034
721.0272479564034
721.0272479564034
721.0272479564034
721.0272479564034
721.0272479564034
721.0272479564034
721.0272479564034
721.0272479564034
721.0272479564034
721.0272479564034
721.0272479564034
721.0272479564034
721.0272479564034
721.0272479564034
721.0272479564034
721.0272479564034
721.0272479564034
721.0272479564034
721.0272479564034
721.0272479564034
721.0272479564034
721.0272479564034
721.0272479564034
721.0272479564034
721.0272479564034
721.0272479564034
721.0272479564034
721.0272479564034
721.0272479564034
721.0272479564034
721.0272479564034
721.0272479564034
721.0272479564034
721.0272479564034
721.0272479564034
721.0272479564034
721.0272479564034
721.0272479564034
721.0272479564034
721.0272479564034
721.0272479564034
721.0272479564034
721.0272479564034
721.0272479564034
721.0272479564034
721.0272479564034
721.0272479564034
721.0272479564034
721.0272479564034
721.0272479564034
721.0272479564034
721.0272479564034
721.0272479564034
721.0272479564034
721.0272479564034
721.0272479564034
721.0272479564034
721.0272479564034
721.0272479564034
721.0272479564034
721.0272479564034
721.0272479564034
721.0272479564034
721.0272479564034
721.0272479564034
721.0272479564034
721.0272479564034
721.0272479564034
721.0272479564034
721.0272479564034
721.0272479564034
721.0272479564034
721.0272479564034
721.0272479564034
721.0272479564034
721.0272479564034
721.0272479564034
721.0272479564034
721.0272479564034
721.0272479564034
721.0272479564034
721.0272479564034
721.0272479564034
721.0272479564034
721.0272479564034
721.0272479564034
721.0272479564034
721.0272479564034
721.0272479564034
721.0272479564034
721.0272479564034
721.0272479564034
721.0272479564034
721.0272479564034
721.0272479564034
721.0272479564034
721.0272479564034
721.0272479564034
721.0272479564034
721.0272479564034
721.0272479564034
721.0272479564034
721.0272479564034
721.0272479564034
721.0272479564034
721.0272479564034
721.0272479564034
721.0272479564034
721.0272479564034
721.0272479564034
721.0272479564034
721.0272479564034
721.0272479564034
721.0272479564034
721.0272479564034
721.0272479564034
721.0272479564034
721.0272479564034
721.0272479564034
721.0272479564034
721.0272479564034
721.0272479564034
721.0272479564034
721.0272479564034
721.0272479564034
721.0272479564034
721.0272479564034
721.0272479564034
721.0272479564034
721.0272479564034
721.0272479564034
721.0272479564034
721.0272479564034
721.0272479564034
721.0272479564034
721.0272479564034
721.0272479564034
721.0272479564034
721.0272479564034
721.0272479564034
721.0272479564034
721.0272479564034
721.0272479564034
721.0272479564034
721.0272479564034
721.0272479564034
721.0272479564034
721.0272479564034
721.0272479564034
721.0272479564034
721.0272479564034
721.0272479564034
721.0272479564034
721.0272479564034
721.0272479564034
721.0272479564034
721.0272479564034
721.0272479564034
721.0272479564034
721.0272479564034
721.0272479564034
721.0272479564034
721.0272479564034
721.0272479564034
721.0272479564034
721.0272479564034
721.0272479564034
721.0272479564034
721.0272479564034
721.0272479564034
721.0272479564034
721.0272479564034
721.0272479564034
721.0272479564034
721.0272479564034
721.0272479564034
721.0272479564034
721.0272479564034
721.0272479564034
721.0272479564034
721.0272479564034
721.0272479564034
721.0272479564034
721.0272479564034
721.0272479564034
721.0272479564034
721.0272479564034
721.0272479564034
721.0272479564034
721.0272479564034
721.0272479564034
721.0272479564034
721.0272479564034
721.0272479564034
721.0272479564034
721.0272479564034
721.0272479564034
721.0272479564034
721.0272479564034
721.0272479564034
721.0272479564034
721.0272479564034
721.0272479564034
721.0272479564034
721.0272479564034
721.0272479564034
721.0272479564034
721.0272479564034
721.0272479564034
721.0272479564034
721.0272479564034
721.0272479564034
721.0272479564034
721.0272479564034
721.0272479564034
721.0272479564034
721.0272479564034
721.0272479564034
721.0272479564034
721.0272479564034
721.0272479564034
721.0272479564034
721.0272479564034
721.0272479564034
721.0272479564034
721.0272479564034
721.0272479564034
721.0272479564034
721.0272479564034
721.0272479564034
721.0272479564034
721.0272479564034
721.0272479564034
721.0272479564034
721.0272479564034
721.0272479564034
721.0272479564034
721.0272479564034
721.0272479564034
721.0272479564034
721.0272479564034
721.0272479564034
721.0272479564034
721.0272479564034
721.0272479564034
721.0272479564034
721.0272479564034
721.0272479564034
721.0272479564034
721.0272479564034
721.0272479564034
721.0272479564034
721.0272479564034
721.0272479564034
721.0272479564034
721.0272479564034
721.0272479564034
721.0272479564034
721.0272479564034
721.0272479564034
721.0272479564034
721.0272479564034
721.0272479564034
721.0272479564034
721.0272479564034
721.0272479564034
721.0272479564034
721.0272479564034
721.0272479564034
721.0272479564034
721.0272479564034
721.0272479564034
721.0272479564034
721.0272479564034
721.0272479564034
721.0272479564034
721.0272479564034
721.0272479564034
721.0272479564034
721.0272479564034
721.0272479564034
721.0272479564034
721.0272479564034
721.0272479564034
721.0272479564034
721.0272479564034
721.0272479564034
721.0272479564034
721.0272479564034
721.0272479564034
721.0272479564034
721.0272479564034
721.0272479564034
721.0272479564034
721.0272479564034
721.0272479564034
721.0272479564034
721.0272479564034
721.0272479564034
721.0272479564034
721.0272479564034
721.0272479564034
721.0272479564034
721.0272479564034
721.0272479564034
721.0272479564034
721.0272479564034
721.0272479564034
721.0272479564034
721.0272479564034
721.0272479564034
721.0272479564034
721.0272479564034
721.0272479564034
721.0272479564034
721.0272479564034
721.0272479564034
721.0272479564034
721.0272479564034
721.0272479564034
721.0272479564034
721.0272479564034
721.0272479564034
721.0272479564034
721.0272479564034
721.0272479564034
721.0272479564034
721.0272479564034
721.0272479564034
721.0272479564034
721.0272479564034
721.0272479564034
721.0272479564034
721.0272479564034
721.0272479564034
721.0272479564034
721.0272479564034
721.0272479564034
721.0272479564034
721.0272479564034
721.0272479564034
721.0272479564034
721.0272479564034
721.0272479564034
721.0272479564034
721.0272479564034
721.0272479564034
721.0272479564034
721.0272479564034
721.0272479564034
721.0272479564034
721.0272479564034
721.0272479564034
721.0272479564034
721.0272479564034
721.0272479564034
721.0272479564034
721.0272479564034
721.0272479564034
721.0272479564034
721.0272479564034
721.0272479564034
721.0272479564034
721.0272479564034
721.0272479564034
721.0272479564034
721.0272479564034
721.0272479564034
721.0272479564034
721.0272479564034
721.0272479564034
721.0272479564034
721.0272479564034
721.0272479564034
721.0272479564034
721.0272479564034
721.0272479564034
721.0272479564034
721.0272479564034
721.0272479564034
721.0272479564034
721.0272479564034
721.0272479564034
721.0272479564034
721.0272479564034
721.0272479564034
721.0272479564034
721.0272479564034
721.0272479564034
721.0272479564034
721.0272479564034
721.0272479564034
721.0272479564034
721.0272479564034
721.0272479564034
721.0272479564034
721.0272479564034
721.0272479564034
721.0272479564034
721.0272479564034
721.0272479564034
721.0272479564034
721.0272479564034
721.0272479564034
721.0272479564034
721.0272479564034
721.0272479564034
721.0272479564034
721.0272479564034
721.0272479564034
721.0272479564034
721.0272479564034
721.0272479564034
721.0272479564034
721.0272479564034
721.0272479564034
721.0272479564034
721.0272479564034
721.0272479564034
721.0272479564034
721.0272479564034
721.0272479564034
721.0272479564034
721.0272479564034
721.0272479564034
721.0272479564034
721.0272479564034
721.0272479564034
721.0272479564034
721.0272479564034
721.0272479564034
721.0272479564034
721.0272479564034
721.0272479564034
721.0272479564034
721.0272479564034
721.0272479564034
721.0272479564034
721.0272479564034
721.0272479564034
721.0272479564034
721.0272479564034
721.0272479564034
721.0272479564034
721.0272479564034
721.0272479564034
721.0272479564034
721.0272479564034
721.0272479564034
721.0272479564034
721.0272479564034
721.0272479564034
721.0272479564034
721.0272479564034
721.0272479564034
721.0272479564034
721.0272479564034
721.0272479564034
721.0272479564034
721.0272479564034
721.0272479564034
721.0272479564034
721.0272479564034
721.0272479564034
721.0272479564034
721.0272479564034
721.0272479564034
721.0272479564034
721.0272479564034
721.0272479564034
721.0272479564034
721.0272479564034
721.0272479564034
721.0272479564034
721.0272479564034
721.0272479564034
721.0272479564034
721.0272479564034
721.0272479564034
721.0272479564034
721.0272479564034
721.0272479564034
721.0272479564034
721.0272479564034
721.0272479564034
721.0272479564034
721.0272479564034
721.0272479564034
721.0272479564034
721.0272479564034
721.0272479564034
721.0272479564034
721.0272479564034
721.0272479564034
721.0272479564034
721.0272479564034
721.0272479564034
721.0272479564034
721.0272479564034
721.0272479564034
721.0272479564034
721.0272479564034
721.0272479564034
721.0272479564034
721.0272479564034
721.0272479564034
721.0272479564034
721.0272479564034
721.0272479564034
721.0272479564034
721.0272479564034
721.0272479564034
721.0272479564034
721.0272479564034
721.0272479564034
721.0272479564034
721.0272479564034
721.0272479564034
721.0272479564034
721.0272479564034
721.0272479564034
721.0272479564034
721.0272479564034
721.0272479564034
721.0272479564034
721.0272479564034
721.0272479564034
721.0272479564034
721.0272479564034
721.0272479564034
721.0272479564034
721.0272479564034
721.0272479564034
721.0272479564034
721.0272479564034
721.0272479564034
721.0272479564034
721.0272479564034
721.0272479564034
721.0272479564034
721.0272479564034
721.0272479564034
721.0272479564034
721.0272479564034
721.0272479564034
721.0272479564034
721.0272479564034
721.0272479564034
721.0272479564034
721.0272479564034
721.0272479564034
721.0272479564034
721.0272479564034
721.0272479564034
721.0272479564034
721.0272479564034
721.0272479564034
721.0272479564034
721.0272479564034
721.0272479564034
721.0272479564034
721.0272479564034
721.0272479564034
721.0272479564034
721.0272479564034
721.0272479564034
721.0272479564034
721.0272479564034
721.0272479564034
721.0272479564034
721.0272479564034
721.0272479564034
721.0272479564034
721.0272479564034
721.0272479564034
721.0272479564034
721.0272479564034
721.0272479564034
721.0272479564034
721.0272479564034
721.0272479564034
721.0272479564034
721.0272479564034
721.0272479564034
721.0272479564034
721.0272479564034
721.0272479564034
721.0272479564034
721.0272479564034
721.0272479564034
721.0272479564034
721.0272479564034
721.0272479564034
721.0272479564034
721.0272479564034
721.0272479564034
721.0272479564034
721.0272479564034
721.0272479564034
721.0272479564034
721.0272479564034
721.0272479564034
721.0272479564034
721.0272479564034
721.0272479564034
721.0272479564034
721.0272479564034
721.0272479564034
721.0272479564034
721.0272479564034
721.0272479564034
721.0272479564034
721.0272479564034
721.0272479564034
721.0272479564034
721.0272479564034
721.0272479564034
721.0272479564034
721.0272479564034
721.0272479564034
721.0272479564034
721.0272479564034
721.0272479564034
721.0272479564034
721.0272479564034
721.0272479564034
721.0272479564034
721.0272479564034
721.0272479564034
721.0272479564034
721.0272479564034
721.0272479564034
721.0272479564034
721.0272479564034
721.0272479564034
721.0272479564034
721.0272479564034
721.0272479564034
721.0272479564034
721.0272479564034
721.0272479564034
721.0272479564034
721.0272479564034
721.0272479564034
721.0272479564034
721.0272479564034
721.0272479564034
721.0272479564034
721.0272479564034
721.0272479564034
721.0272479564034
721.0272479564034
721.0272479564034
721.0272479564034
721.0272479564034
721.0272479564034
721.0272479564034
721.0272479564034
721.0272479564034
721.0272479564034
721.0272479564034
721.0272479564034
721.0272479564034
721.0272479564034
721.0272479564034
721.0272479564034
721.0272479564034
721.0272479564034
721.0272479564034
721.0272479564034
721.0272479564034
721.0272479564034
721.0272479564034
721.0272479564034
721.0272479564034
721.0272479564034
721.0272479564034
721.0272479564034
721.0272479564034
721.0272479564034
721.0272479564034
721.0272479564034
721.0272479564034
721.0272479564034
721.0272479564034
721.0272479564034
721.0272479564034
721.0272479564034
721.0272479564034
721.0272479564034
721.0272479564034
721.0272479564034
721.0272479564034
721.0272479564034
721.0272479564034
721.0272479564034
721.0272479564034
721.0272479564034
721.0272479564034
721.0272479564034
721.0272479564034
721.0272479564034
721.0272479564034
721.0272479564034
721.0272479564034
721.0272479564034
721.0272479564034
721.0272479564034
721.0272479564034
721.0272479564034
721.0272479564034
721.0272479564034
721.0272479564034
721.0272479564034
721.0272479564034
721.0272479564034
721.0272479564034
721.0272479564034
721.0272479564034
721.0272479564034
721.0272479564034
721.0272479564034
721.0272479564034
721.0272479564034
721.0272479564034
721.0272479564034
721.0272479564034
721.0272479564034
721.0272479564034
721.0272479564034
721.0272479564034
721.0272479564034
721.0272479564034
721.0272479564034
721.0272479564034
721.0272479564034
721.0272479564034
721.0272479564034
721.0272479564034
721.0272479564034
721.0272479564034
721.0272479564034
721.0272479564034
721.0272479564034
721.0272479564034
721.0272479564034
721.0272479564034
721.0272479564034
721.0272479564034
721.0272479564034
721.0272479564034
721.0272479564034
721.0272479564034
721.0272479564034
721.0272479564034
721.0272479564034
721.0272479564034
721.0272479564034
721.0272479564034
721.0272479564034
721.0272479564034
721.0272479564034
721.0272479564034
721.0272479564034
721.0272479564034
721.0272479564034
721.0272479564034
721.0272479564034
721.0272479564034
721.0272479564034
721.0272479564034
721.0272479564034
721.0272479564034
721.0272479564034
721.0272479564034
721.0272479564034
721.0272479564034
721.0272479564034
721.0272479564034
721.0272479564034
721.0272479564034
721.0272479564034
721.0272479564034
721.0272479564034
721.0272479564034
721.0272479564034
721.0272479564034
721.0272479564034
721.0272479564034
721.0272479564034
721.0272479564034
721.0272479564034
721.0272479564034
721.0272479564034
721.0272479564034
721.0272479564034
721.0272479564034
721.0272479564034
721.0272479564034
721.0272479564034
721.0272479564034
721.0272479564034
721.0272479564034
721.0272479564034
721.0272479564034
721.0272479564034
721.0272479564034
721.0272479564034
721.0272479564034
721.0272479564034
721.0272479564034
721.0272479564034
721.0272479564034
721.0272479564034
721.0272479564034
721.0272479564034
721.0272479564034
721.0272479564034
721.0272479564034
721.0272479564034
721.0272479564034
721.0272479564034
721.0272479564034
721.0272479564034
721.0272479564034
721.0272479564034
721.0272479564034
721.0272479564034
721.0272479564034
721.0272479564034
721.0272479564034
721.0272479564034
721.0272479564034
721.0272479564034
721.0272479564034
721.0272479564034
721.0272479564034
721.0272479564034
721.0272479564034
721.0272479564034
721.0272479564034
721.0272479564034
721.0272479564034
721.0272479564034
721.0272479564034
721.0272479564034
721.0272479564034
721.0272479564034
721.0272479564034
721.0272479564034
721.0272479564034
721.0272479564034
721.0272479564034
721.0272479564034
721.0272479564034
721.0272479564034
721.0272479564034
721.0272479564034
721.0272479564034
721.0272479564034
721.0272479564034
721.0272479564034
721.0272479564034
721.0272479564034
721.0272479564034
721.0272479564034
721.0272479564034
721.0272479564034
721.0272479564034
721.0272479564034
721.0272479564034
721.0272479564034
721.0272479564034
721.0272479564034
721.0272479564034
721.0272479564034
721.0272479564034
721.0272479564034
721.0272479564034
721.0272479564034
721.0272479564034
721.0272479564034
721.0272479564034
721.0272479564034
721.0272479564034
721.0272479564034
721.0272479564034
721.0272479564034
721.0272479564034
721.0272479564034
721.0272479564034
721.0272479564034
721.0272479564034
721.0272479564034
721.0272479564034
721.0272479564034
721.0272479564034
721.0272479564034
721.0272479564034
721.0272479564034
721.0272479564034
721.0272479564034
721.0272479564034
721.0272479564034
721.0272479564034
721.0272479564034
721.0272479564034
721.0272479564034
721.0272479564034
721.0272479564034
721.0272479564034
721.0272479564034
721.0272479564034
721.0272479564034
721.0272479564034
721.0272479564034
721.0272479564034
721.0272479564034
721.0272479564034
721.0272479564034
721.0272479564034
721.0272479564034
721.0272479564034
721.0272479564034
721.0272479564034
721.0272479564034
721.0272479564034
721.0272479564034
721.0272479564034
721.0272479564034
721.0272479564034
721.0272479564034
721.0272479564034
721.0272479564034
721.0272479564034
721.0272479564034
721.0272479564034
721.0272479564034
721.0272479564034
721.0272479564034
721.0272479564034
721.0272479564034
721.0272479564034
721.0272479564034
721.0272479564034
721.0272479564034
721.0272479564034
721.0272479564034
721.0272479564034
721.0272479564034
721.0272479564034
721.0272479564034
721.0272479564034
721.0272479564034
721.0272479564034
721.0272479564034
721.0272479564034
721.0272479564034
721.0272479564034
721.0272479564034
721.0272479564034
721.0272479564034
721.0272479564034
721.0272479564034
721.0272479564034
721.0272479564034
721.0272479564034
721.0272479564034
721.0272479564034
721.0272479564034
721.0272479564034
721.0272479564034
721.0272479564034
721.0272479564034
721.0272479564034
721.0272479564034
721.0272479564034
721.0272479564034
721.0272479564034
721.0272479564034
721.0272479564034
721.0272479564034
721.0272479564034
721.0272479564034
721.0272479564034
721.0272479564034
721.0272479564034
721.0272479564034
721.0272479564034
721.0272479564034
721.0272479564034
721.0272479564034
721.0272479564034
721.0272479564034
721.0272479564034
721.0272479564034
721.0272479564034
721.0272479564034
721.0272479564034
721.0272479564034
721.0272479564034
721.0272479564034
721.0272479564034
721.0272479564034
721.0272479564034
721.0272479564034
721.0272479564034
721.0272479564034
721.0272479564034
721.0272479564034
721.0272479564034
721.0272479564034
721.0272479564034
721.0272479564034
721.0272479564034
721.0272479564034
721.0272479564034
721.0272479564034
721.0272479564034
721.0272479564034
721.0272479564034
721.0272479564034
721.0272479564034
721.0272479564034
721.0272479564034
721.0272479564034
721.0272479564034
721.0272479564034
721.0272479564034
721.0272479564034
721.0272479564034
721.0272479564034
721.0272479564034
721.0272479564034
721.0272479564034
721.0272479564034
721.0272479564034
721.0272479564034
721.0272479564034
721.0272479564034
721.0272479564034
721.0272479564034
721.0272479564034
721.0272479564034
721.0272479564034
721.0272479564034
721.0272479564034
721.0272479564034
721.0272479564034
721.0272479564034
721.0272479564034
721.0272479564034
721.0272479564034
721.0272479564034
721.0272479564034
721.0272479564034
721.0272479564034
721.0272479564034
721.0272479564034
721.0272479564034
721.0272479564034
721.0272479564034
721.0272479564034
721.0272479564034
721.0272479564034
721.0272479564034
721.0272479564034
721.0272479564034
721.0272479564034
721.0272479564034
721.0272479564034
721.0272479564034
721.0272479564034
721.0272479564034
721.0272479564034
721.0272479564034
721.0272479564034
721.0272479564034
721.0272479564034
721.0272479564034
721.0272479564034
721.0272479564034
721.0272479564034
721.0272479564034
721.0272479564034
721.0272479564034
721.0272479564034
721.0272479564034
721.0272479564034
721.0272479564034
721.0272479564034
721.0272479564034
721.0272479564034
721.0272479564034
721.0272479564034
721.0272479564034
721.0272479564034
721.0272479564034
721.0272479564034
721.0272479564034
721.0272479564034
721.0272479564034
721.0272479564034
721.0272479564034
721.0272479564034
721.0272479564034
721.0272479564034
721.0272479564034
721.0272479564034
721.0272479564034
721.0272479564034
721.0272479564034
721.0272479564034
721.0272479564034
721.0272479564034
721.0272479564034
721.0272479564034
721.0272479564034
721.0272479564034
721.0272479564034
721.0272479564034
721.0272479564034
721.0272479564034
721.0272479564034
721.0272479564034
721.0272479564034
721.0272479564034
721.0272479564034
721.0272479564034
721.0272479564034
721.0272479564034
721.0272479564034
721.0272479564034
721.0272479564034
721.0272479564034
721.0272479564034
721.0272479564034
721.0272479564034
721.0272479564034
721.0272479564034
721.0272479564034
721.0272479564034
721.0272479564034
721.0272479564034
721.0272479564034
721.0272479564034
721.0272479564034
721.0272479564034
721.0272479564034
721.0272479564034
721.0272479564034
721.0272479564034
721.0272479564034
721.0272479564034
721.0272479564034
721.0272479564034
721.0272479564034
721.0272479564034
721.0272479564034
721.0272479564034
721.0272479564034
721.0272479564034
721.0272479564034
721.0272479564034
721.0272479564034
721.0272479564034
721.0272479564034
721.0272479564034
721.0272479564034
721.0272479564034
721.0272479564034
721.0272479564034
721.0272479564034
721.0272479564034
721.0272479564034
721.0272479564034
721.0272479564034
721.0272479564034
721.0272479564034
721.0272479564034
721.0272479564034
721.0272479564034
721.0272479564034
721.0272479564034
721.0272479564034
721.0272479564034
721.0272479564034
721.0272479564034
721.0272479564034
721.0272479564034
721.0272479564034
721.0272479564034
721.0272479564034
721.0272479564034
721.0272479564034
721.0272479564034
721.0272479564034
721.0272479564034
721.0272479564034
721.0272479564034
721.0272479564034
721.0272479564034
721.0272479564034
721.0272479564034
721.0272479564034
721.0272479564034
721.0272479564034
721.0272479564034
721.0272479564034
721.0272479564034
721.0272479564034
721.0272479564034
721.0272479564034
721.0272479564034
721.0272479564034
721.0272479564034
721.0272479564034
721.0272479564034
721.0272479564034
721.0272479564034
721.0272479564034
721.0272479564034
721.0272479564034
721.0272479564034
721.0272479564034
721.0272479564034
721.0272479564034
721.0272479564034
721.0272479564034
721.0272479564034
721.0272479564034
721.0272479564034
721.0272479564034
721.0272479564034
721.0272479564034
721.0272479564034
721.0272479564034
721.0272479564034
721.0272479564034
721.0272479564034
721.0272479564034
721.0272479564034
721.0272479564034
721.0272479564034
721.0272479564034
721.0272479564034
721.0272479564034
721.0272479564034
721.0272479564034
721.0272479564034
721.0272479564034
721.0272479564034
721.0272479564034
721.0272479564034
721.0272479564034
721.0272479564034
721.0272479564034
721.0272479564034
721.0272479564034
721.0272479564034
721.0272479564034
721.0272479564034
721.0272479564034
721.0272479564034
721.0272479564034
721.0272479564034
721.0272479564034
721.0272479564034
721.0272479564034
721.0272479564034
721.0272479564034
721.0272479564034
721.0272479564034
721.0272479564034
721.0272479564034
721.0272479564034
721.0272479564034
721.0272479564034
721.0272479564034
721.0272479564034
721.0272479564034
721.0272479564034
721.0272479564034
721.0272479564034
721.0272479564034
721.0272479564034
721.0272479564034
721.0272479564034
721.0272479564034
721.0272479564034
721.0272479564034
721.0272479564034
721.0272479564034
721.0272479564034
721.0272479564034
721.0272479564034
721.0272479564034
721.0272479564034
721.0272479564034
721.0272479564034
721.0272479564034
721.0272479564034
721.0272479564034
721.0272479564034
721.0272479564034
721.0272479564034
721.0272479564034
721.0272479564034
721.0272479564034
721.0272479564034
721.0272479564034
721.0272479564034
721.0272479564034
721.0272479564034
721.0272479564034
721.0272479564034
721.0272479564034
721.0272479564034
721.0272479564034
721.0272479564034
721.0272479564034
721.0272479564034
721.0272479564034
721.0272479564034
721.0272479564034
721.0272479564034
721.0272479564034
721.0272479564034
721.0272479564034
721.0272479564034
721.0272479564034
721.0272479564034
721.0272479564034
721.0272479564034
721.0272479564034
721.0272479564034
721.0272479564034
721.0272479564034
721.0272479564034
721.0272479564034
721.0272479564034
721.0272479564034
721.0272479564034
721.0272479564034
721.0272479564034
721.0272479564034
721.0272479564034
721.0272479564034
721.0272479564034
721.0272479564034
721.0272479564034
721.0272479564034
721.0272479564034
721.0272479564034
721.0272479564034
721.0272479564034
721.0272479564034
721.0272479564034
721.0272479564034
721.0272479564034
721.0272479564034
721.0272479564034
721.0272479564034
721.0272479564034
721.0272479564034
721.0272479564034
721.0272479564034
721.0272479564034
721.0272479564034
721.0272479564034
721.0272479564034
721.0272479564034
721.0272479564034
721.0272479564034
721.0272479564034
721.0272479564034
721.0272479564034
721.0272479564034
721.0272479564034
721.0272479564034
721.0272479564034
721.0272479564034
721.0272479564034
721.0272479564034
721.0272479564034
721.0272479564034
721.0272479564034
721.0272479564034
721.0272479564034
721.0272479564034
721.0272479564034
721.0272479564034
721.0272479564034
721.0272479564034
721.0272479564034
721.0272479564034
721.0272479564034
721.0272479564034
721.0272479564034
721.0272479564034
721.0272479564034
721.0272479564034
721.0272479564034
721.0272479564034
721.0272479564034
721.0272479564034
721.0272479564034
721.0272479564034
721.0272479564034
721.0272479564034
721.0272479564034
721.0272479564034
721.0272479564034
721.0272479564034
721.0272479564034
721.0272479564034
721.0272479564034
721.0272479564034
721.0272479564034
721.0272479564034
721.0272479564034
721.0272479564034
721.0272479564034
721.027247956403